1850.000000 1897.000000 3.717551 
1850.000000 1897.000000 3.717551 
1850.000000 1897.000000 3.717551 
1850.000000 1897.000000 3.717551 
1850.000000 1897.000000 3.717551 
1850.000000 1897.000000 3.717551 
1850.000000 1897.000000 3.717551 
1850.000000 1897.000000 3.717551 
1850.000000 1897.000000 3.717551 
1850.000000 1897.000000 3.717551 
1850.000000 1897.000000 3.717551 
1850.000000 1897.000000 3.717551 
1829.218582 1883.504389 3.717551 
1792.046186 1859.364353 3.717551 
1754.461388 1834.944333 3.715498 
1716.653342 1810.501705 3.715498 
1716.653342 1810.501705 3.715498 
1679.138381 1786.248555 3.715498 
1641.450209 1761.895515 3.717551 
1603.865411 1737.475494 3.715498 
1566.177239 1713.122454 3.717551 
1566.177239 1713.122454 3.717551 
1528.592441 1688.702434 3.715498 
1490.904270 1664.349394 3.717551 
1490.904270 1664.349394 3.717551 
1453.319471 1639.929373 3.715498 
1415.631300 1615.576333 3.717551 
1378.046501 1591.156312 3.715498 
1340.358330 1566.803272 3.717551 
1302.773532 1542.383252 3.715498 
1302.773532 1542.383252 3.715498 
1265.085360 1518.030212 3.717551 
1227.500562 1493.610191 3.715498 
1189.692515 1469.167563 3.715498 
1189.692515 1469.167563 3.715498 
1152.177554 1444.914413 3.715498 
1114.489383 1420.561373 3.717551 
1076.904585 1396.141353 3.715498 
1039.096538 1371.698725 3.715498 
1039.096538 1371.698725 3.715498 
1001.581577 1347.445575 3.715498 
963.893406 1323.092535 3.717551 
926.308607 1298.672514 3.715498 
926.308607 1298.672514 3.715498 
888.620436 1274.319474 3.717551 
851.035638 1249.899453 3.715498 
813.227591 1225.456825 3.715498 
775.126459 1200.824720 3.715498 
775.126459 1200.824720 3.715498 
737.438287 1176.471680 3.717551 
699.853489 1152.051659 3.715498 
662.165317 1127.698619 3.717551 
662.165317 1127.698619 3.717551 
624.580519 1103.278599 3.715498 
586.892348 1078.925559 3.717551 
549.307549 1054.505538 3.715498 
549.307549 1054.505538 3.715498 
511.619378 1030.152498 3.717551 
474.034580 1005.732477 3.715498 
436.188963 981.351476 3.729869 
398.173387 956.622691 3.818145 
398.173387 956.622691 3.818145 
362.382202 928.661535 3.904369 
329.539299 898.197728 3.992645 
299.956460 865.394568 4.078869 
273.655677 830.444576 4.165092 
273.655677 830.444576 4.165092 
250.929602 793.793895 4.253369 
231.650903 754.868867 4.341645 
216.641978 715.575252 4.429922 
205.367382 674.482862 4.514092 
205.367382 674.482862 4.514092 
199.479042 634.127181 4.676275 
202.017824 594.965734 4.850775 
212.601515 557.007309 5.012957 
212.601515 557.007309 5.012957 
228.882090 522.640396 5.150504 
251.425055 489.654449 5.292157 
278.728923 459.861047 5.425598 
278.728923 459.861047 5.425598 
310.556475 433.519084 5.561092 
345.422050 410.962912 5.684269 
385.611558 391.906751 5.827975 
427.795099 377.761316 5.963469 
427.795099 377.761316 5.963469 
471.579668 368.514652 6.098963 
516.962835 364.254562 6.238563 
562.511607 365.120221 6.374057 
562.511607 365.120221 6.374057 
607.674914 369.741856 6.404851 
652.245408 375.222851 6.406904 
696.693651 380.718921 6.404851 
740.689007 386.098229 6.404851 
740.689007 386.098229 6.404851 
785.259500 391.579224 6.406904 
829.936386 397.134976 6.406904 
874.959603 402.733796 6.406904 
919.407846 408.229865 6.404851 
919.407846 408.229865 6.404851 
963.978340 413.710860 6.406904 
1007.962560 419.180477 6.406904 
1052.639445 424.736229 6.406904 
1052.639445 424.736229 6.406904 
1096.969998 430.248913 6.406904 
1141.646883 435.804665 6.406904 
1185.977435 441.317349 6.406904 
1230.654320 446.873101 6.406904 
1230.654320 446.873101 6.406904 
1275.307862 452.698384 6.425381 
1322.308218 460.578004 6.513657 
1369.283551 472.707617 6.669681 
1369.283551 472.707617 6.669681 
1413.792843 490.756351 6.844181 
1450.887022 512.847890 6.989940 
1483.431300 539.062290 7.121328 
1483.431300 539.062290 7.121328 
1511.218002 568.138660 7.254769 
1533.908982 599.833140 7.379998 
1551.912605 634.223796 7.515492 
1562.582964 665.311763 7.675622 
1562.582964 665.311763 7.675622 
1566.499770 696.729356 7.843963 
1563.508423 728.329351 8.008198 
1553.785657 759.130976 8.172434 
1553.785657 759.130976 8.172434 
1536.667713 788.934402 8.351040 
1513.306665 815.536164 8.525540 
1484.745032 838.502812 8.693881 
1451.389436 861.070252 8.804740 
1451.389436 861.070252 8.804740 
1414.683871 887.405416 8.802687 
1378.445787 913.262736 8.804740 
1342.089205 939.220136 8.804740 
1342.089205 939.220136 8.804740 
1305.099813 965.758383 8.802687 
1268.577901 991.818787 8.804740 
1232.156163 1017.950867 8.802687 
1232.156163 1017.950867 8.802687 
1196.136566 1043.779475 8.802687 
1159.614654 1069.839879 8.804740 
1123.192917 1095.971959 8.802687 
1086.671005 1122.032363 8.804740 
1050.249267 1148.164443 8.802687 
1050.249267 1148.164443 8.802687 
1013.662433 1174.399800 8.802687 
977.359217 1200.431783 8.802687 
940.772382 1226.667140 8.802687 
940.772382 1226.667140 8.802687 
903.877452 1252.609248 8.810898 
861.485748 1273.007594 8.966922 
815.619481 1283.648612 9.225592 
776.302957 1286.112960 9.439098 
776.302957 1286.112960 9.439098 
736.306337 1282.763690 9.656710 
699.687615 1274.081005 9.864057 
665.943991 1260.216179 10.077563 
665.943991 1260.216179 10.077563 
636.746617 1241.443289 10.299281 
614.987651 1219.467164 10.508681 
600.486585 1195.015649 10.716028 
593.712006 1169.517697 10.915163 
593.712006 1169.517697 10.915163 
594.569084 1143.272168 11.120457 
603.343024 1117.357345 11.325751 
619.014844 1078.076381 11.377075 
619.014844 1078.076381 11.377075 
635.647236 1036.852111 11.379128 
652.364308 995.425947 11.379128 
669.211982 953.676141 11.379128 
685.798451 912.573618 11.379128 
685.798451 912.573618 11.379128 
702.646125 870.823812 11.379128 
719.493799 829.074006 11.379128 
736.210871 787.647841 11.379128 
753.058545 745.898035 11.379128 
753.058545 745.898035 11.379128 
772.758871 706.812707 11.461245 
795.929322 669.992486 11.549522 
822.663135 635.130582 11.637798 
822.663135 635.130582 11.637798 
852.565467 602.557964 11.724022 
885.749843 572.149455 11.810245 
921.430696 544.816600 11.898522 
921.430696 544.816600 11.898522 
960.217902 520.636359 11.997063 
1004.535981 502.295631 12.171563 
1051.874710 490.424702 12.346063 
1097.040166 484.830040 12.485663 
1097.040166 484.830040 12.485663 
1141.532182 484.120485 12.608840 
1185.326855 487.951996 12.734069 
1229.630806 496.685277 12.869563 
1271.753178 510.070330 12.922940 
1271.753178 510.070330 12.922940 
1313.615309 525.663585 12.922940 
1355.477440 541.256839 12.922940 
1397.012523 556.728271 12.922940 
1397.012523 556.728271 12.922940 
1439.406694 572.526165 12.924992 
1480.909928 588.082834 12.924992 
1523.066755 603.884489 12.924992 
1565.223583 619.686145 12.924992 
1565.223583 619.686145 12.924992 
1607.053614 635.365307 12.924992 
1650.757328 651.905915 12.996845 
1692.801631 671.094274 13.083069 
1692.801631 671.094274 13.083069 
1732.712219 693.346423 13.171345 
1770.813181 719.057011 13.259622 
1805.558568 747.078327 13.345845 
1805.558568 747.078327 13.345845 
1838.045430 777.593033 13.497763 
1864.201567 811.159091 13.670210 
1882.103208 846.158114 13.820075 
1893.906656 883.580015 13.922722 
1893.906656 883.580015 13.922722 
1903.487360 927.569793 13.922722 
1912.919525 970.877559 13.922722 
1921.409449 1013.093671 13.986363 
1926.510110 1054.805930 14.070534 
1926.510110 1054.805930 14.070534 
1927.534397 1097.092918 14.160863 
1924.292485 1139.528489 14.249140 
1916.995003 1181.095817 14.335363 
1916.995003 1181.095817 14.335363 
1905.601404 1222.047710 14.423640 
1890.423790 1261.525398 14.509863 
1870.918409 1300.735890 14.598140 
1848.436280 1336.964087 14.684363 
1848.436280 1336.964087 14.684363 
1821.945237 1372.206278 14.770587 
1791.776156 1405.404273 14.860916 
1758.752440 1435.951422 14.947140 
1758.752440 1435.951422 14.947140 
1723.216659 1463.432787 15.035416 
1684.807564 1488.231306 15.123692 
1644.015057 1510.083702 15.209916 
1601.889618 1528.417132 15.296140 
1601.889618 1528.417132 15.296140 
1558.862035 1544.467908 15.353622 
1516.875356 1560.093012 15.351569 
1474.683434 1575.800722 15.351569 
1474.683434 1575.800722 15.351569 
1432.818581 1591.386666 15.351569 
1390.716422 1606.968913 15.353622 
1348.729743 1622.594017 15.351569 
1306.210752 1638.423492 15.351569 
1306.210752 1638.423492 15.351569 
1261.319076 1651.624940 15.431634 
1216.032904 1661.186972 15.517857 
1168.713268 1667.373456 15.606134 
1168.713268 1667.373456 15.606134 
1121.202330 1669.862903 15.692357 
1074.937370 1669.385653 15.745734 
1030.182695 1667.735926 15.743681 
985.653691 1666.103544 15.745734 
985.653691 1666.103544 15.745734 
941.013552 1664.416666 15.745734 
896.258877 1662.766938 15.743681 
851.381109 1661.121736 15.745734 
851.381109 1661.121736 15.745734 
805.928905 1659.446366 15.743681 
761.634175 1657.863598 15.743681 
716.756406 1656.218396 15.745734 
716.756406 1656.218396 15.745734 
671.767516 1654.518339 15.745734 
627.012841 1652.868611 15.743681 
582.135073 1651.223409 15.745734 
539.124220 1649.637785 15.743681 
532.610533 1649.402864 15.745734 
532.610533 1649.402864 15.745734 
532.610533 1649.402864 15.745734 
532.610533 1649.402864 15.745734 
532.610533 1649.402864 15.745734 
532.610533 1649.402864 15.745734 
532.610533 1649.402864 15.745734 
532.610533 1649.402864 15.745734 
